123456789
1 86  79 
95 7813 2
637 42 85
 791  64 
 162  95 
385 96 71
86 5174 9
5 136482 
 438  516

9472
1   26347
7253   98
356958215
   27    
564139872
2   84  9
473815926
81 76 53 
6 2 9 7 1

555
1       9
78     56
456   123
9123 5678
678912345
3456 8912
891   567
56     34
2       1

8310
  864379 
95  81362
6 7   185
2 9 35  8
4 6 7895 
3 5 96  1
8 25  439
5   64827
  3829514

6
215647398
3 895 174
79 381 52
5 6274931
124 9386 
973816425
821 39546
659428 13
 3716 289

18
 15 47 98
 68 52 74
 94 81 52
5 62 49 1
1 25 37 8
9 38 64 5
82 73 54 
65 42 71 
43 16 28 
