11
123456789
567891234
89123456 
789123456
678912345
912345678
456789123
345678912
234567891

22
475196823
386725149
912384657
791852436
524673981
638419275
863947512
159238764
247561398

33
   123456
   789123
   456   
234      
912   678
567   234
345678912
678912   
891234   

44
1743 689 
         
2951 834 
4216 957 
3894 726 
         
5689 371 
9437 265 
7128 593 

55
123    89
456789123
    23456
 34567891
678912345
91234567 
891234567
5678    4
3     912

66
83659412 
2951 8346
1 4326895
4216895 3
38945 261
65 231489
777865934
777943 12
777 12658
